200 2658
26 33
48 40
48 28
28 7
21 4
31 9
29 47
13 43
30 11
24 40
5 43
27 39
21 14
32 34
33 4
6 6
34 31
42 16
8 29
9 34
3 45
41 13
14 50
32 26
45 14
20 26
42 22
3 47
36 49
50 47
35 45
44 17
4 13
27 41
13 46
19 17
47 44
45 22
48 16
11 30
12 1
13 19
47 18
5 15
28 15
39 4
42 37
14 37
40 27
9 16
1 22
30 8
33 17
25 14
48 42
50 43
48 37
44 14
36 34
29 8
8 6
36 34
25 49
15 6
50 5
41 24
41 38
37 46
4 28
29 5
43 47
33 13
19 42
21 33
8 49
40 24
48 12
33 19
12 44
13 32
15 21
42 41
31 6
10 17
7 47
32 41
26 7
35 36
6 24
26 23
12 38
13 40
17 6
28 13
48 12
20 19
25 15
48 46
14 20
22 34
6 39
5 46
22 10
39 4
5 43
25 50
26 11
26 46
18 40
4 33
1 14
38 3
25 23
35 43
46 21
17 30
21 17
33 31
40 23
5 50
43 37
36 34
22 3
19 2
31 13
4 38
2 13
24 49
39 48
4 27
2 13
23 35
30 34
44 16
43 12
41 46
38 49
17 32
23 13
17 30
32 35
46 42
7 19
19 7
34 9
6 14
43 34
25 7
2 16
24 10
40 45
42 40
13 3
3 40
14 29
16 44
45 50
39 35
21 11
3 1
20 37
15 14
36 24
41 37
32 7
17 48
11 28
22 11
2 39
11 23
16 48
28 5
26 32
18 23
31 38
10 48
9 14
4 31
18 20
24 37
17 35
37 42
39 26
21 22
35 46
45 43
5 40
44 17
31 21
43 19
44 36
23 32
31 50
10 22
48 39
7 25
42 5
26 3
32 34
38 5
