200 112648
835 735
1670 1470
3340 2940
1087 987
1087 987
517 417
1034 834
2068 1668
1034 834
630 530
1260 1060
1260 1060
1071 971
165 65
330 130
495 195
176 76
663 563
1326 1126
1326 1126
984 884
1968 1768
2952 2652
829 729
1658 1458
3316 2916
829 729
663 563
1326 1126
1989 1689
1086 986
1086 986
639 539
1278 1078
2556 2156
1917 1617
895 795
1790 1590
3580 3180
888 788
1776 1576
3552 3152
2664 2364
232 132
464 264
928 528
464 264
472 372
944 744
691 591
1382 1182
2764 2364
1052 952
1052 952
1057 957
2114 1914
2114 1914
456 356
912 712
651 551
1302 1102
1953 1653
711 611
1422 1222
1042 942
232 132
464 264
696 396
1099 999
1099 999
1029 929
2058 1858
4116 3716
139 39
297 197
602 502
602 502
461 361
922 722
461 361
231 131
462 262
924 524
895 795
1790 1590
1790 1590
888 788
1776 1576
2664 2364
575 475
1150 950
2300 1900
524 424
1048 848
1572 1272
1063 963
2126 1926
1063 963
912 812
1824 1624
3648 3248
2736 2436
1095 995
2190 1990
3285 2985
1042 942
2084 1884
2084 1884
770 670
1540 1340
3080 2680
973 873
1946 1746
1017 917
697 597
1394 1194
2788 2388
697 597
586 486
1172 972
1758 1458
734 634
1468 1268
2936 2536
734 634
437 337
874 674
437 337
365 265
365 265
794 694
1588 1388
2382 2082
987 887
1974 1774
1974 1774
258 158
258 158
907 807
1814 1614
3628 3228
2721 2421
304 204
608 408
1216 816
912 612
575 475
1150 950
2300 1900
1725 1425
300 200
600 400
979 879
1958 1758
220 120
440 240
660 360
958 858
1916 1716
3832 3432
303 203
606 406
606 406
789 689
789 689
832 732
1664 1464
982 882
851 751
1702 1502
3404 3004
686 586
1372 1172
543 443
543 443
303 203
606 406
909 609
864 764
1728 1528
3456 3056
864 764
522 422
1044 844
2088 1688
1044 844
703 603
1406 1206
2812 2412
2109 1809
1021 921
2042 1842
4084 3684
2042 1842
753 653
1506 1306
3012 2612
2259 1959
801 701
1602 1402
